,Failed Molecules
0,failed.txt
1,996155
2,248555
3,45044
4,842962
5,used.txt
6,failed.txt
7,673996
8,used.txt
9,289368
10,321982
11,902996
12,975971
13,failed.txt
14,726984
15,used.txt
16,failed.txt
17,836315
18,1347
19,722670
20,used.txt
21,955530
22,989498
23,987563
24,882066
25,964690
26,883679
27,881040
28,95806
29,830213
30,875871
31,940852
32,921492
33,881577
34,863196
35,915622
36,941804
37,862159
38,993130
39,813432
40,850246
41,886417
42,831342
43,96343
44,970660
45,920977
46,953608
47,883400
48,973147
49,904027
50,928648
51,847698
52,971697
53,809041
54,968659
55,943665
56,878753
57,995829
58,978792
59,934348
60,89069
61,910134
62,831307
63,909627
64,963043
65,935238
66,882918
67,906205
68,876833
69,877395
70,850485
71,878501
72,944387
73,932941
74,855506
75,912555
76,832074
77,905353
78,842377
79,988003
80,938432
81,822322
82,95731
83,844572
84,921766
85,880005
86,809654
87,990981
88,855696
89,945691
90,971976
91,91404
92,992577
93,890288
94,816600
95,955461
96,839854
97,999491
98,948140
99,996272
100,921420
101,942360
102,872719
103,864149
104,815896
105,918863
106,986480
107,856611
108,871888
109,998559
110,836170
111,942454
112,983573
113,908936
114,841527
115,914625
116,837322
117,90323
118,852554
119,825434
120,990857
121,810002
122,911742
123,992850
124,994195
125,964318
126,832146
127,988705
128,870840
129,900631
130,950951
131,964413
132,825592
133,926042
134,933093
135,929176
136,96029
137,922814
138,986281
139,818367
140,902827
141,963490
142,848467
143,825348
144,892027
145,903652
146,956750
147,992227
148,848308
149,954559
150,908591
151,862111
152,967463
153,932649
154,957478
155,89163
156,878319
157,924217
158,82212
159,953964
160,860551
161,989073
162,931051
163,950948
164,988189
165,957437
166,871467
167,939244
168,905039
169,930138
170,852035
171,932701
172,972843
173,919647
174,999529
175,954225
176,826637
177,813201
178,958509
179,945152
180,830287
181,847204
182,98835
183,992895
184,85133
185,831826
186,918761
187,954322
188,912966
189,911417
190,846021
191,969860
192,934274
193,995078
194,913123
195,961569
196,864116
197,81916
198,937712
199,91053
200,916573
201,873789
202,839265
203,825668
204,917081
205,918668
206,819581
207,815344
208,943427
209,982950
210,831138
211,958477
212,956481
213,951967
214,825990
215,883076
216,861854
217,817306
218,983129
219,973247
220,902656
221,996976
222,838448
223,882224
224,939391
225,816844
226,877830
227,981617
228,815535
229,948517
230,884895
231,850544
232,93901
233,982448
234,893660
235,832056
236,836213
237,995349
238,962603
239,848072
240,960140
241,855080
242,827803
243,994166
244,656108
245,used.txt
246,983986
247,992632
248,871950
249,955219
250,969013
251,851544
252,885901
253,827341
254,928563
255,851539
256,918928
257,906432
258,942581
259,967431
260,84868
261,901018
262,809554
263,970134
264,917431
265,820682
266,940055
267,818219
268,903316
269,813721
270,976105
271,993522
272,874872
273,971057
274,88326
275,8454
276,879588
277,857100
278,940184
279,892998
280,919836
281,933608
282,963108
283,810372
284,930653
285,871292
286,832408
287,840145
288,987888
289,909097
290,860092
291,999926
292,912569
293,816673
294,922852
295,97240
296,843087
297,854026
298,841019
299,995023
300,980995
301,817728
302,846640
303,857983
304,929704
305,839965
306,845167
307,937855
308,883714
309,928327
310,987479
311,880635
312,822845
313,967811
314,880541
315,963703
316,883484
317,918925
318,890843
319,965642
320,926406
321,992272
322,933433
323,941073
324,963604
325,942945
326,848767
327,998415
328,878903
329,989547
330,864689
331,9121
332,932814
333,992840
334,964391
335,846550
336,840056
337,9681
338,841099
339,97584
340,994312
341,851418
342,916985
343,936373
344,911519
345,995301
346,912548
347,827931
348,902930
349,831955
350,814892
351,852238
352,975477
353,919094
354,906315
355,937768
356,830879
357,951472
358,95266
359,847444
360,889319
361,84166
362,8108
363,921736
364,934709
365,998071
366,962572
367,910958
368,844112
369,917761
370,920943
371,971406
372,883544
373,842844
374,904718
375,886454
376,972089
377,956181
378,973046
379,934499
380,85883
381,920717
382,959618
383,851354
384,91836
385,826918
386,982236
387,884715
388,902158
389,922806
390,886258
391,842622
392,818296
393,929973
394,894097
395,840185
396,810616
397,918689
398,933490
399,990576
400,981246
401,997352
402,82190
403,936934
404,858338
405,950773
406,831722
407,823953
408,838064
409,818517
410,934660
411,887841
412,885665
413,903661
414,965401
415,failed.txt
416,826710
417,935301
418,991688
419,871032
420,887367
421,962423
422,815831
423,923029
424,875293
425,864193
426,954929
427,864373
428,940417
429,986759
430,840178
431,862342
432,982516
433,956490
434,939848
435,933742
436,936381
437,906744
438,830306
439,933291
440,93032
441,881122
442,91336
443,882439
444,943866
445,879725
446,998329
447,996148
448,891379
449,990887
450,903877
451,808500
452,966184
453,880691
454,831166
455,833625
456,984128
457,839855
458,965495
459,848384
460,915856
461,969413
462,965348
463,817750
464,871530
465,986125
466,930975
467,997884
468,955961
469,891113
470,8604
471,819583
472,808717
473,845536
474,813637
475,975952
476,967313
477,8249
478,900782
479,874702
480,822403
481,970418
482,951679
483,857949
484,954567
485,956614
486,902256
487,879435
488,988551
489,986549
490,937789
491,881348
492,969965
493,945892
494,98426
495,943510
496,819118
497,98166
498,850192
499,864322
500,998732
501,982070
502,847497
503,890917
504,845793
505,981225
506,85273
507,93310
508,856334
509,81592
510,934609
511,861471
512,929581
513,880765
514,853839
515,989916
516,915258
517,871624
518,958443
519,836286
520,856597
521,916274
522,902454
523,995678
524,945455
525,829817
526,938786
527,879923
528,887248
529,879859
530,879597
531,900529
532,936590
533,905980
534,844061
535,871457
536,838543
537,937316
538,96744
539,883917
540,968656
541,809607
542,984540
543,851268
544,847271
545,917523
546,9112
547,984447
548,935930
549,916048
550,844053
551,842165
552,844943
553,181444
554,862588
555,905046
556,991692
557,998407
558,950574
559,822111
560,933243
561,887932
562,987007
563,912586
564,877798
565,922597
566,888268
567,919847
568,903836
569,830474
570,929342
571,994393
572,872468
573,932728
574,901715
575,849136
576,962586
577,917246
578,876383
579,902374
580,874997
581,88456
582,930689
583,922982
584,876126
585,934081
586,957655
587,975685
588,873348
589,941005
590,82958
591,938177
592,8567
593,998513
594,955268
595,930159
596,990194
597,874466
598,903459
599,815938
600,958616
601,862955
602,904647
603,829358
604,877547
605,984283
606,985035
607,952176
608,938540
609,875643
610,889078
611,842272
612,922985
613,877379
614,850487
615,830396
616,860405
617,890221
618,900331
619,928356
620,906747
621,953050
622,818469
623,889674
624,813411
625,8872
626,923068
627,888898
628,989908
629,858048
630,8216
631,983335
632,828692
633,894126
634,876529
635,921670
636,813170
637,937663
638,815956
639,848342
640,934275
641,9366
642,810511
643,990169
644,810255
645,966475
646,928248
647,972665
648,905705
649,819564
650,892476
651,831133
652,935324
653,955690
654,843738
655,959515
656,989648
657,88779
658,850306
659,956625
660,965026
661,975443
662,816716
663,858416
664,922589
665,952359
666,966170
667,429878
668,failed.txt
669,used.txt
670,470935
671,used.txt
672,878209
673,failed.txt
674,249525
675,failed.txt
676,used.txt
677,404145
678,506229
679,820145
680,992374
681,288156
682,failed.txt
683,239021
684,1038376
685,632101
686,used.txt
